0,5833.01,100,100.48,795.989		alg_time,872654
1,9578.74,100,163.591,810.771
2,9787.52,100,167.101,797.734
3,9708.1,78.3784,165.372,637.076
4,9206.67,67.5,156.818,580.938

0,5726.52,100,98.5852,799.77		alg_time,839921
1,9636.68,100,164.464,809.205
2,9735.62,100,166.123,795.88
3,9685.93,75.6757,164.872,617.607
4,8888.23,62.5,151.286,541.51

0,6596.73,100,113.155,798.002		alg_time,819695
1,8699.53,100,148.586,809.218
2,9756.1,100,166.379,796.317
3,9718.58,64.8649,165.175,531.84
4,8397.26,40,142.553,349.609

--
0,6052.09,100,104.074,797.92		alg_time,844090
1,9304.98,100,158.88,809.73
2,9759.75,100,166.534,796.644
3,9704.2,72.973,165.14,595.508
4,8830.72,56.67,150.219,490.686