0,5833.01,100,100.48,795.989		alg_time,872654
1,9578.74,100,163.591,810.771
2,9787.52,100,167.101,797.734
3,9708.1,78.3784,165.372,637.076
4,9206.67,67.5,156.818,580.938

0,6787.8,100,116.461,799			alg_time,867246
1,8277.97,100,141.571,810.007
2,9576.73,100,163.444,798.026
3,9273.09,64.8649,157.724,526.816
4,9083.68,40,154.153,346.533

0,5860.88,100,100.754,794.481		alg_time,853575
1,9041.89,100,154.355,815.667
2,9700.7,100,165.442,794.706
3,9737.09,75.6757,165.662,614.757
4,8537.06,40,144.907,350.413

--
0,6160.56,100,105.898,796.49		alg_time,864492
1,8966.2,100,153.172,812.148
2,9688.32,100,165.329,796.822
3,9572.76,72.973,162.919,592.883
4,8942.47,49.167,151.959,425.961