0,7147.89,100,122.635,797.294			alg_time,808352
1,8468.06,100,144.882,809.779
2,9745.95,100,166.41,808.126
3,9696.06,64.8649,164.916,516.715
4,8643.57,40,146.793,356.317

0,7280.54,100,124.763,798.464			alg_time,859909
1,8935.48,100,152.65,810.361
2,9699.24,100,165.511,799.954
3,9840.39,70.2703,167.37,559.179
4,8295.12,40,140.871,349.824

0,6842.27,100,117.293,794.87			alg_time,787804
1,8763.21,100,149.662,807.993
2,9450.87,100,161.242,798.989
3,9897.76,70.2703,168.287,577.517
4,8838.79,40,149.991,347.065

--
0,7090.23,100,121.564,796.876			alg_time,818688
1,8722.25,100,149.065,809.378
2,9632.02,100,164.388,802.356
3,9811.40,68.469,166.858,551.137
4,8592.49,40,145.885,351.069