0,5508.33,100,94.2153,494.124		alg_time,445085
1,8201.68,100,139.591,497.206
2,9538.6,100,162.113,495.449
3,9546.09,73.913,161.965,365.739
4,8175.39,61.5385,138.827,342.332

0,5429.8,100,92.8584,491.981		alg_time,460563
1,8493.69,100,144.479,499.548
2,9704.34,100,164.871,494.206
3,9096.97,78.2609,154.42,390.615
4,9752.35,65.3846,165.411,357.905

0,4864.46,100,83.3026,493.121		alg_time,457759
1,8357.35,100,142.149,498.407
2,9484.01,100,161.128,494.704
3,9366.6,73.913,158.894,368.437
4,9409.94,61.5385,159.577,338.51

--454469