0,5172.8,100,88.5671,496.044		alg_time,439721
1,8266.3,100,140.682,496.198
2,9691.31,100,164.689,495.428
3,9889.77,82.6087,167.847,405.02
4,8365.73,57.6923,141.99,321.901

0,5802.74,100,99.1435,495.019		alg_time,458442
1,7968.46,100,135.63,497.223
2,9456.14,100,160.691,493.991
3,9249.66,78.2609,156.993,389.81
4,9525.15,61.5385,161.54,337.476

0,5463.65,100,93.397,492.282		alg_time,453992
1,8259.98,100,140.51,499.96
2,9619.77,100,163.415,495.255
3,9877.69,78.2609,167.547,389.536
4,9821.86,57.6923,166.475,320.468

--450718