0,7552.26,100,128.65,491.954			alg_time,387917
1,7936.68,100,135.131,500.711
2,8946.12,82.6087,151.951,409.281
3,9582.17,73.913,162.576,368.24
4,9545.26,57.6923,161.86,320.882

0,5743.12,100,98.1425,495.047			alg_time,406462
1,7874.55,95.6522,134.005,472.712
2,9890.23,100,168.009,498.875
3,9531.41,73.913,161.697,367.239
4,8376.58,53.8462,142.106,297.023

0,5823.6,100,99.4673,496.751			alg_time,387865
1,8367.19,100,142.314,488.701
2,9646.84,100,163.879,501.215
3,9878.27,78.2609,167.559,388.227
4,8376.58,53.8462,142.086,297.023

--
0,,100,,494.584
1,,100,,487.375
2,
3,
4,394081